0001_0119_0011_0063_0063.jpg 1 119 11 63 63
0002_0652_0490_0171_0171.jpg 1 652 490 171 171
0003_0132_0018_0076_0076.jpg 1 132 18 76 76
0004_0131_0020_0047_0047.jpg 1 131 20 47 47
0005_0098_0102_0112_0112.jpg 1 98 102 112 112
0006_0067_0098_0105_0105.jpg 1 67 98 105 105
0007_0079_0075_0249_0249.jpg 1 79 75 249 249
0008_0193_0018_0044_0044.jpg 1 193 18 44 44
0009_0027_0010_0105_0105.jpg 1 27 10 105 105
0010_0213_0095_0036_0036.jpg 1 213 95 36 36
0011_0075_0066_0101_0101.jpg 1 75 66 101 101
0012_0109_0085_0155_0155.jpg 1 109 85 155 155
0013_0207_0024_0038_0038.jpg 1 207 24 38 38
0014_0173_0006_0105_0105.jpg 1 173 6 105 105
0015_0313_0066_0027_0027.jpg 1 313 66 27 27
0016_0027_0049_0099_0099.jpg 1 27 49 99 99
0017_0900_0135_0479_0479.jpg 1 900 135 479 479
0018_0132_0055_0103_0103.jpg 1 132 55 103 103
0019_0367_0087_0159_0159.jpg 1 367 87 159 159
0020_0032_0065_0091_0091.jpg 1 32 65 91 91
0021_0830_0073_0022_0022.jpg 1 830 73 22 22
0022_0077_0022_0056_0056.jpg 1 77 22 56 56
0023_1060_0335_0486_0486.jpg 1 1060 335 486 486
0024_0106_0169_0305_0305.jpg 1 106 169 305 305
0025_0156_0200_0087_0087.jpg 1 156 200 87 87
0026_0088_0131_0024_0024.jpg 1 88 131 24 24
0027_0211_0030_0035_0035.jpg 1 211 30 35 35
0028_0117_0069_0049_0049.jpg 1 117 69 49 49
0029_0219_0197_0026_0026.jpg 1 219 197 26 26
0030_0177_0208_0035_0035.jpg 1 177 208 35 35
0031_0462_0223_0024_0024.jpg 1 462 223 24 24
0032_0191_0020_0047_0047.jpg 1 191 20 47 47
0033_0033_0056_0111_0111.jpg 1 33 56 111 111
0034_0231_0073_0211_0211.jpg 1 231 73 211 211
0035_0152_0312_0057_0057.jpg 1 152 312 57 57
0036_0237_0072_0191_0191.jpg 1 237 72 191 191
0037_0033_0101_0246_0246.jpg 1 33 101 246 246
0038_0141_0033_0099_0099.jpg 1 141 33 99 99
0039_0740_0339_0084_0084.jpg 1 740 339 84 84
0040_0230_0126_0037_0037.jpg 1 230 126 37 37
0041_0180_0286_0022_0022.jpg 1 180 286 22 22
0042_0235_0041_0085_0085.jpg 1 235 41 85 85
0043_0182_0047_0075_0075.jpg 1 182 47 75 75
0044_0166_0041_0064_0064.jpg 1 166 41 64 64
0045_0073_0026_0276_0276.jpg 1 73 26 276 276
0046_0198_0218_0045_0045.jpg 1 198 218 45 45
0047_0041_0016_0103_0103.jpg 1 41 16 103 103
0048_0089_0017_0087_0087.jpg 1 89 17 87 87
0049_0046_0134_0262_0262.jpg 1 46 134 262 262
0050_0142_0033_0051_0051.jpg 1 142 33 51 51
0051_0126_0015_0034_0034.jpg 1 126 15 34 34
0052_0169_0050_0162_0162.jpg 1 169 50 162 162
0053_0081_0067_0073_0073.jpg 1 81 67 73 73
0054_0123_0041_0120_0120.jpg 1 123 41 120 120
0055_0015_0014_0131_0131.jpg 1 15 14 131 131
0056_0488_0118_0240_0240.jpg 1 488 118 240 240
0057_0140_0126_0020_0020.jpg 1 140 126 20 20
0058_0597_0068_0129_0129.jpg 1 597 68 129 129
0059_0108_0143_0259_0259.jpg 1 108 143 259 259
0060_0346_0360_0115_0115.jpg 1 346 360 115 115
0061_0191_0233_0103_0103.jpg 1 191 233 103 103
0062_0381_0207_0064_0064.jpg 1 381 207 64 64
0063_0072_0063_0104_0104.jpg 1 72 63 104 104
0064_0955_0471_0315_0315.jpg 1 955 471 315 315
0065_0147_0085_0309_0309.jpg 1 147 85 309 309
0066_0366_0462_0181_0181.jpg 1 366 462 181 181
0067_0050_0044_0108_0108.jpg 1 50 44 108 108
0068_0108_0129_0066_0066.jpg 1 108 129 66 66
0069_0115_0049_0059_0059.jpg 1 115 49 59 59
0070_0155_0084_0328_0328.jpg 1 155 84 328 328
0071_0158_0154_0262_0262.jpg 1 158 154 262 262
0072_0037_0078_0057_0057.jpg 1 37 78 57 57
0073_0070_0071_0063_0063.jpg 1 70 71 63 63
0074_0144_0153_0158_0158.jpg 1 144 153 158 158
0075_0150_0100_0054_0054.jpg 1 150 100 54 54
0076_0657_0121_0084_0084.jpg 1 657 121 84 84
0077_0397_0152_0096_0096.jpg 1 397 152 96 96
0078_0074_0267_0123_0123.jpg 1 74 267 123 123
0079_0107_0035_0046_0046.jpg 1 107 35 46 46
0080_0056_0052_0107_0107.jpg 1 56 52 107 107
0081_0199_0205_0116_0116.jpg 1 199 205 116 116
0082_0118_0068_0085_0085.jpg 1 118 68 85 85
0083_0211_0111_0027_0027.jpg 1 211 111 27 27
0084_0191_0023_0029_0029.jpg 1 191 23 29 29
0085_0095_0043_0111_0111.jpg 1 95 43 111 111
0086_0076_0114_0295_0295.jpg 1 76 114 295 295
0087_0128_0042_0112_0112.jpg 1 128 42 112 112
0088_0044_0023_0020_0020.jpg 1 44 23 20 20
0089_0109_0048_0200_0200.jpg 1 109 48 200 200
0090_0074_0022_0189_0189.jpg 1 74 22 189 189
0091_0177_0178_0144_0144.jpg 1 177 178 144 144
0092_0021_0110_0253_0253.jpg 1 21 110 253 253
0093_0140_0020_0098_0098.jpg 1 140 20 98 98
0094_0470_0259_0105_0105.jpg 1 470 259 105 105
0095_0627_0160_0045_0045.jpg 1 627 160 45 45
0096_0056_0019_0089_0089.jpg 1 56 19 89 89
0097_0217_0152_0094_0094.jpg 1 217 152 94 94
0098_0185_0047_0056_0056.jpg 1 185 47 56 56
0099_0348_0222_0070_0070.jpg 1 348 222 70 70
0100_0028_0017_0115_0115.jpg 1 28 17 115 115
