0001_0119_0011_0063_0063.jpg 1 119 11 63 63
0002_0652_0490_0171_0171.jpg 1 652 490 171 171
0003_0132_0018_0076_0076.jpg 1 132 18 76 76
0004_0131_0020_0047_0047.jpg 1 131 20 47 47
0005_0098_0102_0112_0112.jpg 1 98 102 112 112
0006_0067_0098_0105_0105.jpg 1 67 98 105 105
0007_0079_0075_0249_0249.jpg 1 79 75 249 249
0008_0193_0018_0044_0044.jpg 1 193 18 44 44
0009_0027_0010_0105_0105.jpg 1 27 10 105 105
0010_0213_0095_0036_0036.jpg 1 213 95 36 36
0011_0075_0066_0101_0101.jpg 1 75 66 101 101
0012_0109_0085_0155_0155.jpg 1 109 85 155 155
0013_0207_0024_0038_0038.jpg 1 207 24 38 38
0014_0173_0006_0105_0105.jpg 1 173 6 105 105
0015_0313_0066_0027_0027.jpg 1 313 66 27 27
0016_0027_0049_0099_0099.jpg 1 27 49 99 99
0017_0900_0135_0479_0479.jpg 1 900 135 479 479
0018_0132_0055_0103_0103.jpg 1 132 55 103 103
0019_0367_0087_0159_0159.jpg 1 367 87 159 159
0020_0032_0065_0091_0091.jpg 1 32 65 91 91
0021_0830_0073_0022_0022.jpg 1 830 73 22 22
0022_0077_0022_0056_0056.jpg 1 77 22 56 56
0023_1060_0335_0486_0486.jpg 1 1060 335 486 486
0024_0106_0169_0305_0305.jpg 1 106 169 305 305
0025_0156_0200_0087_0087.jpg 1 156 200 87 87
0026_0088_0131_0024_0024.jpg 1 88 131 24 24
0027_0211_0030_0035_0035.jpg 1 211 30 35 35
0028_0117_0069_0049_0049.jpg 1 117 69 49 49
0029_0219_0197_0026_0026.jpg 1 219 197 26 26
0030_0177_0208_0035_0035.jpg 1 177 208 35 35
0031_0462_0223_0024_0024.jpg 1 462 223 24 24
0032_0191_0020_0047_0047.jpg 1 191 20 47 47
0033_0033_0056_0111_0111.jpg 1 33 56 111 111
0034_0231_0073_0211_0211.jpg 1 231 73 211 211
0035_0152_0312_0057_0057.jpg 1 152 312 57 57
0036_0237_0072_0191_0191.jpg 1 237 72 191 191
0037_0033_0101_0246_0246.jpg 1 33 101 246 246
0038_0141_0033_0099_0099.jpg 1 141 33 99 99
0039_0740_0339_0084_0084.jpg 1 740 339 84 84
0040_0230_0126_0037_0037.jpg 1 230 126 37 37
0041_0180_0286_0022_0022.jpg 1 180 286 22 22
0042_0235_0041_0085_0085.jpg 1 235 41 85 85
0043_0182_0047_0075_0075.jpg 1 182 47 75 75
0044_0166_0041_0064_0064.jpg 1 166 41 64 64
0045_0073_0026_0276_0276.jpg 1 73 26 276 276
0046_0198_0218_0045_0045.jpg 1 198 218 45 45
0047_0041_0016_0103_0103.jpg 1 41 16 103 103
0048_0089_0017_0087_0087.jpg 1 89 17 87 87
0049_0046_0134_0262_0262.jpg 1 46 134 262 262
0050_0142_0033_0051_0051.jpg 1 142 33 51 51
0051_0126_0015_0034_0034.jpg 1 126 15 34 34
0052_0169_0050_0162_0162.jpg 1 169 50 162 162
0053_0081_0067_0073_0073.jpg 1 81 67 73 73
0054_0123_0041_0120_0120.jpg 1 123 41 120 120
0055_0015_0014_0131_0131.jpg 1 15 14 131 131
0056_0488_0118_0240_0240.jpg 1 488 118 240 240
0057_0140_0126_0020_0020.jpg 1 140 126 20 20
0058_0597_0068_0129_0129.jpg 1 597 68 129 129
0059_0108_0143_0259_0259.jpg 1 108 143 259 259
0060_0346_0360_0115_0115.jpg 1 346 360 115 115
0061_0191_0233_0103_0103.jpg 1 191 233 103 103
0062_0381_0207_0064_0064.jpg 1 381 207 64 64
0063_0072_0063_0104_0104.jpg 1 72 63 104 104
0064_0955_0471_0315_0315.jpg 1 955 471 315 315
0065_0147_0085_0309_0309.jpg 1 147 85 309 309
0066_0366_0462_0181_0181.jpg 1 366 462 181 181
0067_0050_0044_0108_0108.jpg 1 50 44 108 108
0068_0108_0129_0066_0066.jpg 1 108 129 66 66
0069_0115_0049_0059_0059.jpg 1 115 49 59 59
0070_0155_0084_0328_0328.jpg 1 155 84 328 328
0071_0158_0154_0262_0262.jpg 1 158 154 262 262
0072_0037_0078_0057_0057.jpg 1 37 78 57 57
0073_0070_0071_0063_0063.jpg 1 70 71 63 63
0074_0144_0153_0158_0158.jpg 1 144 153 158 158
0075_0150_0100_0054_0054.jpg 1 150 100 54 54
0076_0657_0121_0084_0084.jpg 1 657 121 84 84
0077_0397_0152_0096_0096.jpg 1 397 152 96 96
0078_0074_0267_0123_0123.jpg 1 74 267 123 123
0079_0107_0035_0046_0046.jpg 1 107 35 46 46
0080_0056_0052_0107_0107.jpg 1 56 52 107 107
0081_0199_0205_0116_0116.jpg 1 199 205 116 116
0082_0118_0068_0085_0085.jpg 1 118 68 85 85
0083_0211_0111_0027_0027.jpg 1 211 111 27 27
0084_0191_0023_0029_0029.jpg 1 191 23 29 29
0085_0095_0043_0111_0111.jpg 1 95 43 111 111
0086_0076_0114_0295_0295.jpg 1 76 114 295 295
0087_0128_0042_0112_0112.jpg 1 128 42 112 112
0088_0044_0023_0020_0020.jpg 1 44 23 20 20
0089_0109_0048_0200_0200.jpg 1 109 48 200 200
0090_0074_0022_0189_0189.jpg 1 74 22 189 189
0091_0177_0178_0144_0144.jpg 1 177 178 144 144
0092_0021_0110_0253_0253.jpg 1 21 110 253 253
0093_0140_0020_0098_0098.jpg 1 140 20 98 98
0094_0470_0259_0105_0105.jpg 1 470 259 105 105
0095_0627_0160_0045_0045.jpg 1 627 160 45 45
0096_0056_0019_0089_0089.jpg 1 56 19 89 89
0097_0217_0152_0094_0094.jpg 1 217 152 94 94
0098_0185_0047_0056_0056.jpg 1 185 47 56 56
0099_0348_0222_0070_0070.jpg 1 348 222 70 70
0100_0028_0017_0115_0115.jpg 1 28 17 115 115
0001_0424_0163_0132_0132.jpg 1 424 163 132 132
0002_0156_0042_0110_0110.jpg 1 156 42 110 110
0003_0184_0016_0068_0068.jpg 1 184 16 68 68
0004_0091_0048_0022_0022.jpg 1 91 48 22 22
0005_0401_0447_0212_0212.jpg 1 401 447 212 212
0006_0210_0235_0103_0103.jpg 1 210 235 103 103
0007_0327_0122_0296_0296.jpg 1 327 122 296 296
0008_0056_0125_0289_0289.jpg 1 56 125 289 289
0009_0160_0147_0087_0087.jpg 1 160 147 87 87
0010_0178_0027_0094_0094.jpg 1 178 27 94 94
0011_0906_0316_0437_0437.jpg 1 906 316 437 437
0012_0044_0234_0201_0201.jpg 1 44 234 201 201
0013_0133_0017_0034_0034.jpg 1 133 17 34 34
0014_0045_0024_0118_0118.jpg 1 45 24 118 118
0015_0570_0382_0190_0190.jpg 1 570 382 190 190
0016_0203_0089_0065_0065.jpg 1 203 89 65 65
0017_0061_0173_0024_0024.jpg 1 61 173 24 24
0018_0202_0154_0240_0240.jpg 1 202 154 240 240
0019_0131_0046_0066_0066.jpg 1 131 46 66 66
0020_0062_0140_0199_0199.jpg 1 62 140 199 199
0021_0054_0013_0072_0072.jpg 1 54 13 72 72
0022_0092_0039_0117_0117.jpg 1 92 39 117 117
0023_0034_0027_0062_0062.jpg 1 34 27 62 62
0024_0129_0031_0041_0041.jpg 1 129 31 41 41
0025_0625_0405_0137_0137.jpg 1 625 405 137 137
0026_0129_0236_0124_0124.jpg 1 129 236 124 124
0027_0069_0018_0078_0078.jpg 1 69 18 78 78
0028_0155_0191_0225_0225.jpg 1 155 191 225 225
0029_0173_0201_0056_0056.jpg 1 173 201 56 56
0030_0126_0253_0055_0055.jpg 1 126 253 55 55
0031_0061_0099_0174_0174.jpg 1 61 99 174 174
0032_0138_0040_0083_0083.jpg 1 138 40 83 83
0033_0365_0541_0062_0062.jpg 1 365 541 62 62
0034_0167_0091_0051_0051.jpg 1 167 91 51 51
0035_0042_0015_0078_0078.jpg 1 42 15 78 78
0036_0069_0026_0093_0093.jpg 1 69 26 93 93
0037_0090_0060_0240_0240.jpg 1 90 60 240 240
0038_0054_0076_0038_0038.jpg 1 54 76 38 38
0039_0037_0028_0193_0193.jpg 1 37 28 193 193
0040_0095_0076_0087_0087.jpg 1 95 76 87 87
0041_0135_0020_0039_0039.jpg 1 135 20 39 39
0042_0188_0115_0027_0027.jpg 1 188 115 27 27
0043_0220_0203_0027_0027.jpg 1 220 203 27 27
0044_0210_0203_0222_0222.jpg 1 210 203 222 222
0045_0156_0094_0070_0070.jpg 1 156 94 70 70
0046_0086_0017_0084_0084.jpg 1 86 17 84 84
0047_0058_0086_0082_0082.jpg 1 58 86 82 82
0048_1013_0145_0523_0523.jpg 1 1013 145 523 523
0049_0057_0061_0211_0211.jpg 1 57 61 211 211
0050_0090_0029_0069_0069.jpg 1 90 29 69 69
0051_0097_0100_0197_0197.jpg 1 97 100 197 197
0052_0119_0156_0163_0163.jpg 1 119 156 163 163
0053_0077_0068_0041_0041.jpg 1 77 68 41 41
0054_0408_0114_0250_0250.jpg 1 408 114 250 250
0055_0443_0040_0158_0158.jpg 1 443 40 158 158
0056_0473_0044_0246_0246.jpg 1 473 44 246 246
0057_0370_0097_0409_0409.jpg 1 370 97 409 409
0058_0179_0042_0059_0059.jpg 1 179 42 59 59
0059_0226_0098_0206_0206.jpg 1 226 98 206 206
0060_0343_0211_0238_0238.jpg 1 343 211 238 238
0061_0331_0176_0462_0462.jpg 1 331 176 462 462
0062_0175_0023_0087_0087.jpg 1 175 23 87 87
0063_0157_0124_0101_0101.jpg 1 157 124 101 101
0064_0152_0075_0051_0051.jpg 1 152 75 51 51
0065_0404_0194_0073_0073.jpg 1 404 194 73 73
0066_0073_0022_0088_0088.jpg 1 73 22 88 88
0067_0476_0228_0030_0030.jpg 1 476 228 30 30
0068_0056_0044_0149_0149.jpg 1 56 44 149 149
0069_0176_0195_0033_0033.jpg 1 176 195 33 33
0070_0150_0083_0030_0030.jpg 1 150 83 30 30
0071_0031_0088_0267_0267.jpg 1 31 88 267 267
0072_0152_0133_0357_0357.jpg 1 152 133 357 357
0073_0071_0022_0127_0127.jpg 1 71 22 127 127
0074_0212_0014_0049_0049.jpg 1 212 14 49 49
0075_0089_0064_0036_0036.jpg 1 89 64 36 36
0076_0362_0189_0230_0230.jpg 1 362 189 230 230
0077_0144_0032_0052_0052.jpg 1 144 32 52 52
0078_0084_0048_0105_0105.jpg 1 84 48 105 105
0079_0029_0032_0095_0095.jpg 1 29 32 95 95
0080_0315_0257_0125_0125.jpg 1 315 257 125 125
0081_0455_0170_0121_0121.jpg 1 455 170 121 121
0082_0086_0085_0085_0085.jpg 1 86 85 85 85
0083_0483_0045_0057_0057.jpg 1 483 45 57 57
0084_0527_0213_0029_0029.jpg 1 527 213 29 29
0085_0145_0294_0043_0043.jpg 1 145 294 43 43
0086_0181_0046_0049_0049.jpg 1 181 46 49 49
0087_0578_0173_0151_0151.jpg 1 578 173 151 151
0088_0134_0074_0040_0040.jpg 1 134 74 40 40
0089_0187_0097_0149_0149.jpg 1 187 97 149 149
0090_0037_0019_0081_0081.jpg 1 37 19 81 81
0091_0585_0105_0526_0526.jpg 1 585 105 526 526
0092_0135_0055_0273_0273.jpg 1 135 55 273 273
0093_0056_0058_0172_0172.jpg 1 56 58 172 172
0094_0242_0673_0038_0038.jpg 1 242 673 38 38
0095_0693_0111_0136_0136.jpg 1 693 111 136 136
0096_0730_0249_0130_0130.jpg 1 730 249 130 130
0097_0021_0047_0086_0086.jpg 1 21 47 86 86
0098_0239_0040_0024_0024.jpg 1 239 40 24 24
0099_0075_0186_0084_0084.jpg 1 75 186 84 84
0100_1241_0370_0436_0436.jpg 1 1241 370 436 436
0001_0392_0189_0093_0093.jpg 1 392 189 93 93
0002_0266_0310_0059_0059.jpg 1 266 310 59 59
0003_0050_0040_0020_0020.jpg 1 50 40 20 20
0004_0083_0048_0089_0089.jpg 1 83 48 89 89
0005_0274_0238_0192_0192.jpg 1 274 238 192 192
0006_0071_0044_0094_0094.jpg 1 71 44 94 94
0007_0119_0106_0032_0032.jpg 1 119 106 32 32
0008_0526_0343_0144_0144.jpg 1 526 343 144 144
0009_0093_0156_0163_0163.jpg 1 93 156 163 163
0010_0112_0112_0326_0326.jpg 1 112 112 326 326
0011_0077_0144_0295_0295.jpg 1 77 144 295 295
0012_0095_0049_0123_0123.jpg 1 95 49 123 123
0013_0115_0284_0136_0136.jpg 1 115 284 136 136
0014_0054_0020_0312_0312.jpg 1 54 20 312 312
0015_0141_0074_0090_0090.jpg 1 141 74 90 90
0016_0207_0078_0043_0043.jpg 1 207 78 43 43
0017_0124_0096_0431_0431.jpg 1 124 96 431 431
0018_0151_0210_0227_0227.jpg 1 151 210 227 227
0019_0077_0072_0233_0233.jpg 1 77 72 233 233
0020_0828_0595_0386_0386.jpg 1 828 595 386 386
0021_0099_0247_0121_0121.jpg 1 99 247 121 121
0022_0271_0101_0064_0064.jpg 1 271 101 64 64
0023_0314_0164_0355_0355.jpg 1 314 164 355 355
0024_0109_0132_0126_0126.jpg 1 109 132 126 126
0025_0181_0013_0072_0072.jpg 1 181 13 72 72
0026_0016_0054_0155_0155.jpg 1 16 54 155 155
0027_0108_0088_0078_0078.jpg 1 108 88 78 78
0028_0414_0070_0079_0079.jpg 1 414 70 79 79
0029_0190_0160_0022_0022.jpg 1 190 160 22 22
0030_0311_0031_0213_0213.jpg 1 311 31 213 213
0031_0127_0089_0301_0301.jpg 1 127 89 301 301
0032_0066_0007_0113_0113.jpg 1 66 7 113 113
0033_0120_0054_0093_0093.jpg 1 120 54 93 93
0034_0058_0055_0109_0109.jpg 1 58 55 109 109
0035_0094_0016_0086_0086.jpg 1 94 16 86 86
0036_0210_0180_0038_0038.jpg 1 210 180 38 38
0037_0143_0148_0036_0036.jpg 1 143 148 36 36
0038_0138_0039_0110_0110.jpg 1 138 39 110 110
0039_0499_0094_0227_0227.jpg 1 499 94 227 227
0040_0057_0017_0104_0104.jpg 1 57 17 104 104
0041_0359_0286_0596_0596.jpg 1 359 286 596 596
0042_0171_0221_0737_0737.jpg 1 171 221 737 737
0043_0144_0122_0123_0123.jpg 1 144 122 123 123
0044_0098_0159_0280_0280.jpg 1 98 159 280 280
0045_0170_0106_0038_0038.jpg 1 170 106 38 38
0046_0064_0015_0071_0071.jpg 1 64 15 71 71
0047_0177_0102_0076_0076.jpg 1 177 102 76 76
0048_0710_0173_0264_0264.jpg 1 710 173 264 264
0049_1178_0259_0445_0445.jpg 1 1178 259 445 445
0050_0322_0052_0031_0031.jpg 1 322 52 31 31
0051_0534_0242_0049_0049.jpg 1 534 242 49 49
0052_0064_0093_0037_0037.jpg 1 64 93 37 37
0053_0156_0046_0093_0093.jpg 1 156 46 93 93
0054_0044_0144_0209_0209.jpg 1 44 144 209 209
0055_0077_0107_0121_0121.jpg 1 77 107 121 121
0056_0451_0174_0111_0111.jpg 1 451 174 111 111
0057_0341_0177_0123_0123.jpg 1 341 177 123 123
0058_0854_0230_0638_0638.jpg 1 854 230 638 638
0059_0159_0115_0287_0287.jpg 1 159 115 287 287
0060_0055_0070_0097_0097.jpg 1 55 70 97 97
0061_0878_0423_0539_0539.jpg 1 878 423 539 539
0062_0145_0017_0094_0094.jpg 1 145 17 94 94
0063_0154_0223_0181_0181.jpg 1 154 223 181 181
0064_0063_0057_0108_0108.jpg 1 63 57 108 108
0065_0082_0071_0041_0041.jpg 1 82 71 41 41
0066_0159_0016_0046_0046.jpg 1 159 16 46 46
0067_0161_0035_0092_0092.jpg 1 161 35 92 92
0068_0693_0242_0162_0162.jpg 1 693 242 162 162
0069_0535_0097_0577_0577.jpg 1 535 97 577 577
0070_0080_0191_0105_0105.jpg 1 80 191 105 105
0071_0083_0017_0061_0061.jpg 1 83 17 61 61
0072_0120_0054_0041_0041.jpg 1 120 54 41 41
0073_0137_0067_0062_0062.jpg 1 137 67 62 62
0074_0149_0024_0033_0033.jpg 1 149 24 33 33
0075_0191_0192_0103_0103.jpg 1 191 192 103 103
0076_0178_0183_0085_0085.jpg 1 178 183 85 85
0077_0072_0081_0048_0048.jpg 1 72 81 48 48
0078_0063_0011_0056_0056.jpg 1 63 11 56 56
0079_0130_0013_0086_0086.jpg 1 130 13 86 86
0080_0091_0051_0077_0077.jpg 1 91 51 77 77
0081_0183_0047_0087_0087.jpg 1 183 47 87 87
0082_0201_0055_0168_0168.jpg 1 201 55 168 168
0083_0118_0028_0081_0081.jpg 1 118 28 81 81
0084_0116_0057_0088_0088.jpg 1 116 57 88 88
0085_0111_0034_0236_0236.jpg 1 111 34 236 236
0086_0082_0339_0383_0383.jpg 1 82 339 383 383
0087_0157_0055_0213_0213.jpg 1 157 55 213 213
0088_0464_0085_0108_0108.jpg 1 464 85 108 108
0089_0151_0042_0038_0038.jpg 1 151 42 38 38
0090_0354_0292_0022_0022.jpg 1 354 292 22 22
0091_0126_0059_0076_0076.jpg 1 126 59 76 76
0092_0064_0070_0024_0024.jpg 1 64 70 24 24
0093_0227_0250_0066_0066.jpg 1 227 250 66 66
0094_0312_0226_0520_0520.jpg 1 312 226 520 520
0095_0086_0213_0204_0204.jpg 1 86 213 204 204
0096_0150_0083_0051_0051.jpg 1 150 83 51 51
0097_0025_0057_0065_0065.jpg 1 25 57 65 65
0098_0056_0020_0040_0040.jpg 1 56 20 40 40
0099_0059_0064_0195_0195.jpg 1 59 64 195 195
0100_0111_0065_0199_0199.jpg 1 111 65 199 199
