0001_0392_0189_0093_0093.jpg 1 392 189 93 93
0002_0266_0310_0059_0059.jpg 1 266 310 59 59
0003_0050_0040_0020_0020.jpg 1 50 40 20 20
0004_0083_0048_0089_0089.jpg 1 83 48 89 89
0005_0274_0238_0192_0192.jpg 1 274 238 192 192
0006_0071_0044_0094_0094.jpg 1 71 44 94 94
0007_0119_0106_0032_0032.jpg 1 119 106 32 32
0008_0526_0343_0144_0144.jpg 1 526 343 144 144
0009_0093_0156_0163_0163.jpg 1 93 156 163 163
0010_0112_0112_0326_0326.jpg 1 112 112 326 326
0011_0077_0144_0295_0295.jpg 1 77 144 295 295
0012_0095_0049_0123_0123.jpg 1 95 49 123 123
0013_0115_0284_0136_0136.jpg 1 115 284 136 136
0014_0054_0020_0312_0312.jpg 1 54 20 312 312
0015_0141_0074_0090_0090.jpg 1 141 74 90 90
0016_0207_0078_0043_0043.jpg 1 207 78 43 43
0017_0124_0096_0431_0431.jpg 1 124 96 431 431
0018_0151_0210_0227_0227.jpg 1 151 210 227 227
0019_0077_0072_0233_0233.jpg 1 77 72 233 233
0020_0828_0595_0386_0386.jpg 1 828 595 386 386
0021_0099_0247_0121_0121.jpg 1 99 247 121 121
0022_0271_0101_0064_0064.jpg 1 271 101 64 64
0023_0314_0164_0355_0355.jpg 1 314 164 355 355
0024_0109_0132_0126_0126.jpg 1 109 132 126 126
0025_0181_0013_0072_0072.jpg 1 181 13 72 72
0026_0016_0054_0155_0155.jpg 1 16 54 155 155
0027_0108_0088_0078_0078.jpg 1 108 88 78 78
0028_0414_0070_0079_0079.jpg 1 414 70 79 79
0029_0190_0160_0022_0022.jpg 1 190 160 22 22
0030_0311_0031_0213_0213.jpg 1 311 31 213 213
0031_0127_0089_0301_0301.jpg 1 127 89 301 301
0032_0066_0007_0113_0113.jpg 1 66 7 113 113
0033_0120_0054_0093_0093.jpg 1 120 54 93 93
0034_0058_0055_0109_0109.jpg 1 58 55 109 109
0035_0094_0016_0086_0086.jpg 1 94 16 86 86
0036_0210_0180_0038_0038.jpg 1 210 180 38 38
0037_0143_0148_0036_0036.jpg 1 143 148 36 36
0038_0138_0039_0110_0110.jpg 1 138 39 110 110
0039_0499_0094_0227_0227.jpg 1 499 94 227 227
0040_0057_0017_0104_0104.jpg 1 57 17 104 104
0041_0359_0286_0596_0596.jpg 1 359 286 596 596
0042_0171_0221_0737_0737.jpg 1 171 221 737 737
0043_0144_0122_0123_0123.jpg 1 144 122 123 123
0044_0098_0159_0280_0280.jpg 1 98 159 280 280
0045_0170_0106_0038_0038.jpg 1 170 106 38 38
0046_0064_0015_0071_0071.jpg 1 64 15 71 71
0047_0177_0102_0076_0076.jpg 1 177 102 76 76
0048_0710_0173_0264_0264.jpg 1 710 173 264 264
0049_1178_0259_0445_0445.jpg 1 1178 259 445 445
0050_0322_0052_0031_0031.jpg 1 322 52 31 31
0051_0534_0242_0049_0049.jpg 1 534 242 49 49
0052_0064_0093_0037_0037.jpg 1 64 93 37 37
0053_0156_0046_0093_0093.jpg 1 156 46 93 93
0054_0044_0144_0209_0209.jpg 1 44 144 209 209
0055_0077_0107_0121_0121.jpg 1 77 107 121 121
0056_0451_0174_0111_0111.jpg 1 451 174 111 111
0057_0341_0177_0123_0123.jpg 1 341 177 123 123
0058_0854_0230_0638_0638.jpg 1 854 230 638 638
0059_0159_0115_0287_0287.jpg 1 159 115 287 287
0060_0055_0070_0097_0097.jpg 1 55 70 97 97
0061_0878_0423_0539_0539.jpg 1 878 423 539 539
0062_0145_0017_0094_0094.jpg 1 145 17 94 94
0063_0154_0223_0181_0181.jpg 1 154 223 181 181
0064_0063_0057_0108_0108.jpg 1 63 57 108 108
0065_0082_0071_0041_0041.jpg 1 82 71 41 41
0066_0159_0016_0046_0046.jpg 1 159 16 46 46
0067_0161_0035_0092_0092.jpg 1 161 35 92 92
0068_0693_0242_0162_0162.jpg 1 693 242 162 162
0069_0535_0097_0577_0577.jpg 1 535 97 577 577
0070_0080_0191_0105_0105.jpg 1 80 191 105 105
0071_0083_0017_0061_0061.jpg 1 83 17 61 61
0072_0120_0054_0041_0041.jpg 1 120 54 41 41
0073_0137_0067_0062_0062.jpg 1 137 67 62 62
0074_0149_0024_0033_0033.jpg 1 149 24 33 33
0075_0191_0192_0103_0103.jpg 1 191 192 103 103
0076_0178_0183_0085_0085.jpg 1 178 183 85 85
0077_0072_0081_0048_0048.jpg 1 72 81 48 48
0078_0063_0011_0056_0056.jpg 1 63 11 56 56
0079_0130_0013_0086_0086.jpg 1 130 13 86 86
0080_0091_0051_0077_0077.jpg 1 91 51 77 77
0081_0183_0047_0087_0087.jpg 1 183 47 87 87
0082_0201_0055_0168_0168.jpg 1 201 55 168 168
0083_0118_0028_0081_0081.jpg 1 118 28 81 81
0084_0116_0057_0088_0088.jpg 1 116 57 88 88
0085_0111_0034_0236_0236.jpg 1 111 34 236 236
0086_0082_0339_0383_0383.jpg 1 82 339 383 383
0087_0157_0055_0213_0213.jpg 1 157 55 213 213
0088_0464_0085_0108_0108.jpg 1 464 85 108 108
0089_0151_0042_0038_0038.jpg 1 151 42 38 38
0090_0354_0292_0022_0022.jpg 1 354 292 22 22
0091_0126_0059_0076_0076.jpg 1 126 59 76 76
0092_0064_0070_0024_0024.jpg 1 64 70 24 24
0093_0227_0250_0066_0066.jpg 1 227 250 66 66
0094_0312_0226_0520_0520.jpg 1 312 226 520 520
0095_0086_0213_0204_0204.jpg 1 86 213 204 204
0096_0150_0083_0051_0051.jpg 1 150 83 51 51
0097_0025_0057_0065_0065.jpg 1 25 57 65 65
0098_0056_0020_0040_0040.jpg 1 56 20 40 40
0099_0059_0064_0195_0195.jpg 1 59 64 195 195
0100_0111_0065_0199_0199.jpg 1 111 65 199 199
