0001_0424_0163_0132_0132.jpg 1 424 163 132 132
0002_0156_0042_0110_0110.jpg 1 156 42 110 110
0003_0184_0016_0068_0068.jpg 1 184 16 68 68
0004_0091_0048_0022_0022.jpg 1 91 48 22 22
0005_0401_0447_0212_0212.jpg 1 401 447 212 212
0006_0210_0235_0103_0103.jpg 1 210 235 103 103
0007_0327_0122_0296_0296.jpg 1 327 122 296 296
0008_0056_0125_0289_0289.jpg 1 56 125 289 289
0009_0160_0147_0087_0087.jpg 1 160 147 87 87
0010_0178_0027_0094_0094.jpg 1 178 27 94 94
0011_0906_0316_0437_0437.jpg 1 906 316 437 437
0012_0044_0234_0201_0201.jpg 1 44 234 201 201
0013_0133_0017_0034_0034.jpg 1 133 17 34 34
0014_0045_0024_0118_0118.jpg 1 45 24 118 118
0015_0570_0382_0190_0190.jpg 1 570 382 190 190
0016_0203_0089_0065_0065.jpg 1 203 89 65 65
0017_0061_0173_0024_0024.jpg 1 61 173 24 24
0018_0202_0154_0240_0240.jpg 1 202 154 240 240
0019_0131_0046_0066_0066.jpg 1 131 46 66 66
0020_0062_0140_0199_0199.jpg 1 62 140 199 199
0021_0054_0013_0072_0072.jpg 1 54 13 72 72
0022_0092_0039_0117_0117.jpg 1 92 39 117 117
0023_0034_0027_0062_0062.jpg 1 34 27 62 62
0024_0129_0031_0041_0041.jpg 1 129 31 41 41
0025_0625_0405_0137_0137.jpg 1 625 405 137 137
0026_0129_0236_0124_0124.jpg 1 129 236 124 124
0027_0069_0018_0078_0078.jpg 1 69 18 78 78
0028_0155_0191_0225_0225.jpg 1 155 191 225 225
0029_0173_0201_0056_0056.jpg 1 173 201 56 56
0030_0126_0253_0055_0055.jpg 1 126 253 55 55
0031_0061_0099_0174_0174.jpg 1 61 99 174 174
0032_0138_0040_0083_0083.jpg 1 138 40 83 83
0033_0365_0541_0062_0062.jpg 1 365 541 62 62
0034_0167_0091_0051_0051.jpg 1 167 91 51 51
0035_0042_0015_0078_0078.jpg 1 42 15 78 78
0036_0069_0026_0093_0093.jpg 1 69 26 93 93
0037_0090_0060_0240_0240.jpg 1 90 60 240 240
0038_0054_0076_0038_0038.jpg 1 54 76 38 38
0039_0037_0028_0193_0193.jpg 1 37 28 193 193
0040_0095_0076_0087_0087.jpg 1 95 76 87 87
0041_0135_0020_0039_0039.jpg 1 135 20 39 39
0042_0188_0115_0027_0027.jpg 1 188 115 27 27
0043_0220_0203_0027_0027.jpg 1 220 203 27 27
0044_0210_0203_0222_0222.jpg 1 210 203 222 222
0045_0156_0094_0070_0070.jpg 1 156 94 70 70
0046_0086_0017_0084_0084.jpg 1 86 17 84 84
0047_0058_0086_0082_0082.jpg 1 58 86 82 82
0048_1013_0145_0523_0523.jpg 1 1013 145 523 523
0049_0057_0061_0211_0211.jpg 1 57 61 211 211
0050_0090_0029_0069_0069.jpg 1 90 29 69 69
0051_0097_0100_0197_0197.jpg 1 97 100 197 197
0052_0119_0156_0163_0163.jpg 1 119 156 163 163
0053_0077_0068_0041_0041.jpg 1 77 68 41 41
0054_0408_0114_0250_0250.jpg 1 408 114 250 250
0055_0443_0040_0158_0158.jpg 1 443 40 158 158
0056_0473_0044_0246_0246.jpg 1 473 44 246 246
0057_0370_0097_0409_0409.jpg 1 370 97 409 409
0058_0179_0042_0059_0059.jpg 1 179 42 59 59
0059_0226_0098_0206_0206.jpg 1 226 98 206 206
0060_0343_0211_0238_0238.jpg 1 343 211 238 238
0061_0331_0176_0462_0462.jpg 1 331 176 462 462
0062_0175_0023_0087_0087.jpg 1 175 23 87 87
0063_0157_0124_0101_0101.jpg 1 157 124 101 101
0064_0152_0075_0051_0051.jpg 1 152 75 51 51
0065_0404_0194_0073_0073.jpg 1 404 194 73 73
0066_0073_0022_0088_0088.jpg 1 73 22 88 88
0067_0476_0228_0030_0030.jpg 1 476 228 30 30
0068_0056_0044_0149_0149.jpg 1 56 44 149 149
0069_0176_0195_0033_0033.jpg 1 176 195 33 33
0070_0150_0083_0030_0030.jpg 1 150 83 30 30
0071_0031_0088_0267_0267.jpg 1 31 88 267 267
0072_0152_0133_0357_0357.jpg 1 152 133 357 357
0073_0071_0022_0127_0127.jpg 1 71 22 127 127
0074_0212_0014_0049_0049.jpg 1 212 14 49 49
0075_0089_0064_0036_0036.jpg 1 89 64 36 36
0076_0362_0189_0230_0230.jpg 1 362 189 230 230
0077_0144_0032_0052_0052.jpg 1 144 32 52 52
0078_0084_0048_0105_0105.jpg 1 84 48 105 105
0079_0029_0032_0095_0095.jpg 1 29 32 95 95
0080_0315_0257_0125_0125.jpg 1 315 257 125 125
0081_0455_0170_0121_0121.jpg 1 455 170 121 121
0082_0086_0085_0085_0085.jpg 1 86 85 85 85
0083_0483_0045_0057_0057.jpg 1 483 45 57 57
0084_0527_0213_0029_0029.jpg 1 527 213 29 29
0085_0145_0294_0043_0043.jpg 1 145 294 43 43
0086_0181_0046_0049_0049.jpg 1 181 46 49 49
0087_0578_0173_0151_0151.jpg 1 578 173 151 151
0088_0134_0074_0040_0040.jpg 1 134 74 40 40
0089_0187_0097_0149_0149.jpg 1 187 97 149 149
0090_0037_0019_0081_0081.jpg 1 37 19 81 81
0091_0585_0105_0526_0526.jpg 1 585 105 526 526
0092_0135_0055_0273_0273.jpg 1 135 55 273 273
0093_0056_0058_0172_0172.jpg 1 56 58 172 172
0094_0242_0673_0038_0038.jpg 1 242 673 38 38
0095_0693_0111_0136_0136.jpg 1 693 111 136 136
0096_0730_0249_0130_0130.jpg 1 730 249 130 130
0097_0021_0047_0086_0086.jpg 1 21 47 86 86
0098_0239_0040_0024_0024.jpg 1 239 40 24 24
0099_0075_0186_0084_0084.jpg 1 75 186 84 84
0100_1241_0370_0436_0436.jpg 1 1241 370 436 436
