0001_0259_0169_0053_0053.jpg 1 259 169 53 53
0002_0094_0064_0185_0185.jpg 1 94 64 185 185
0003_0106_0025_0208_0208.jpg 1 106 25 208 208
0004_0076_0066_0188_0188.jpg 1 76 66 188 188
0005_0093_0083_0200_0200.jpg 1 93 83 200 200
0006_0224_0298_0065_0065.jpg 1 224 298 65 65
0007_0044_0095_0256_0256.jpg 1 44 95 256 256
0008_0229_0037_0116_0116.jpg 1 229 37 116 116
0009_0035_0098_0209_0209.jpg 1 35 98 209 209
0010_0131_0037_0150_0150.jpg 1 131 37 150 150
0011_0093_0206_0117_0117.jpg 1 93 206 117 117
0012_0104_0158_0141_0141.jpg 1 104 158 141 141
0013_0134_0043_0228_0228.jpg 1 134 43 228 228
0014_0056_0081_0070_0070.jpg 1 56 81 70 70
0015_0149_0094_0052_0052.jpg 1 149 94 52 52
0016_0042_0119_0200_0200.jpg 1 42 119 200 200
0017_0084_0211_0149_0149.jpg 1 84 211 149 149
0018_0071_0064_0165_0165.jpg 1 71 64 165 165
0019_0195_0203_0169_0169.jpg 1 195 203 169 169
0020_0091_0027_0238_0238.jpg 1 91 27 238 238
0021_0225_0116_0081_0081.jpg 1 225 116 81 81
0022_0210_0088_0118_0118.jpg 1 210 88 118 118
0023_0250_0139_0066_0066.jpg 1 250 139 66 66
0024_0043_0125_0251_0251.jpg 1 43 125 251 251
0025_0133_0057_0115_0115.jpg 1 133 57 115 115
0026_0267_0069_0035_0035.jpg 1 267 69 35 35
0027_0065_0018_0256_0256.jpg 1 65 18 256 256
0028_0074_0042_0133_0133.jpg 1 74 42 133 133
0029_0116_0090_0194_0194.jpg 1 116 90 194 194
0030_0190_0072_0041_0041.jpg 1 190 72 41 41
0031_0061_0014_0268_0268.jpg 1 61 14 268 268
0032_0016_0075_0273_0273.jpg 1 16 75 273 273
0033_0078_0188_0167_0167.jpg 1 78 188 167 167
0034_0204_0144_0089_0089.jpg 1 204 144 89 89
0035_0048_0027_0256_0256.jpg 1 48 27 256 256
0036_0052_0019_0257_0257.jpg 1 52 19 257 257
0037_0042_0071_0228_0228.jpg 1 42 71 228 228
0038_0234_0161_0135_0135.jpg 1 234 161 135 135
0039_0092_0093_0174_0174.jpg 1 92 93 174 174
0040_0079_0159_0196_0196.jpg 1 79 159 196 196
0041_0139_0031_0100_0100.jpg 1 139 31 100 100
0042_0165_0118_0151_0151.jpg 1 165 118 151 151
0043_0207_0052_0132_0132.jpg 1 207 52 132 132
0044_0042_0052_0168_0168.jpg 1 42 52 168 168
0045_0027_0077_0147_0147.jpg 1 27 77 147 147
0046_0079_0015_0263_0263.jpg 1 79 15 263 263
0047_0129_0237_0071_0071.jpg 1 129 237 71 71
0048_0285_0084_0055_0055.jpg 1 285 84 55 55
0049_0041_0101_0199_0199.jpg 1 41 101 199 199
0050_0134_0031_0239_0239.jpg 1 134 31 239 239
0051_0143_0144_0181_0181.jpg 1 143 144 181 181
0052_0124_0198_0090_0090.jpg 1 124 198 90 90
0053_0266_0175_0083_0083.jpg 1 266 175 83 83
0054_0118_0091_0258_0258.jpg 1 118 91 258 258
0055_0122_0030_0244_0244.jpg 1 122 30 244 244
0056_0137_0146_0205_0205.jpg 1 137 146 205 205
0057_0105_0053_0257_0257.jpg 1 105 53 257 257
0058_0174_0032_0161_0161.jpg 1 174 32 161 161
0059_0083_0166_0158_0158.jpg 1 83 166 158 158
0060_0206_0098_0121_0121.jpg 1 206 98 121 121
0061_0271_0259_0052_0052.jpg 1 271 259 52 52
0062_0235_0028_0135_0135.jpg 1 235 28 135 135
0063_0149_0110_0113_0113.jpg 1 149 110 113 113
0064_0258_0146_0076_0076.jpg 1 258 146 76 76
0065_0071_0034_0212_0212.jpg 1 71 34 212 212
0066_0048_0220_0152_0152.jpg 1 48 220 152 152
0067_0047_0093_0255_0255.jpg 1 47 93 255 255
0068_0170_0113_0158_0158.jpg 1 170 113 158 158
0069_0208_0193_0114_0114.jpg 1 208 193 114 114
0070_0214_0229_0126_0126.jpg 1 214 229 126 126
0071_0174_0151_0147_0147.jpg 1 174 151 147 147
0072_0204_0094_0091_0091.jpg 1 204 94 91 91
0073_0077_0092_0269_0269.jpg 1 77 92 269 269
0074_0153_0133_0225_0225.jpg 1 153 133 225 225
0075_0156_0094_0196_0196.jpg 1 156 94 196 196
0076_0185_0150_0179_0179.jpg 1 185 150 179 179
0077_0212_0057_0089_0089.jpg 1 212 57 89 89
0078_0236_0054_0059_0059.jpg 1 236 54 59 59
0079_0051_0055_0221_0221.jpg 1 51 55 221 221
0080_0204_0039_0072_0072.jpg 1 204 39 72 72
0081_0226_0097_0090_0090.jpg 1 226 97 90 90
0082_0020_0029_0215_0215.jpg 1 20 29 215 215
0083_0304_0233_0057_0057.jpg 1 304 233 57 57
0084_0225_0091_0098_0098.jpg 1 225 91 98 98
0085_0059_0123_0197_0197.jpg 1 59 123 197 197
0086_0154_0123_0188_0188.jpg 1 154 123 188 188
0087_0223_0104_0063_0063.jpg 1 223 104 63 63
0088_0215_0200_0146_0146.jpg 1 215 200 146 146
0089_0034_0042_0268_0268.jpg 1 34 42 268 268
0090_0104_0165_0172_0172.jpg 1 104 165 172 172
0091_0128_0036_0249_0249.jpg 1 128 36 249 249
0092_0157_0051_0207_0207.jpg 1 157 51 207 207
0093_0085_0076_0266_0266.jpg 1 85 76 266 266
0094_0120_0171_0116_0116.jpg 1 120 171 116 116
0095_0077_0148_0138_0138.jpg 1 77 148 138 138
0096_0056_0096_0259_0259.jpg 1 56 96 259 259
0097_0037_0275_0072_0072.jpg 1 37 275 72 72
0098_0096_0064_0250_0250.jpg 1 96 64 250 250
0099_0077_0107_0279_0279.jpg 1 77 107 279 279
0100_0205_0082_0163_0163.jpg 1 205 82 163 163
