0001_0116_0028_0260_0260.jpg 1 116 28 260 260
0002_0081_0044_0212_0212.jpg 1 81 44 212 212
0003_0020_0171_0200_0200.jpg 1 20 171 200 200
0004_0190_0066_0132_0132.jpg 1 190 66 132 132
0005_0086_0109_0093_0093.jpg 1 86 109 93 93
0006_0227_0070_0141_0141.jpg 1 227 70 141 141
0007_0132_0072_0159_0159.jpg 1 132 72 159 159
0008_0074_0137_0171_0171.jpg 1 74 137 171 171
0009_0162_0064_0057_0057.jpg 1 162 64 57 57
0010_0100_0035_0127_0127.jpg 1 100 35 127 127
0011_0040_0023_0271_0271.jpg 1 40 23 271 271
0012_0098_0091_0275_0275.jpg 1 98 91 275 275
0013_0128_0043_0247_0247.jpg 1 128 43 247 247
0014_0040_0040_0142_0142.jpg 1 40 40 142 142
0015_0198_0246_0095_0095.jpg 1 198 246 95 95
0016_0088_0126_0135_0135.jpg 1 88 126 135 135
0017_0075_0055_0204_0204.jpg 1 75 55 204 204
0018_0063_0019_0253_0253.jpg 1 63 19 253 253
0019_0026_0071_0273_0273.jpg 1 26 71 273 273
0020_0290_0061_0063_0063.jpg 1 290 61 63 63
0021_0157_0118_0187_0187.jpg 1 157 118 187 187
0022_0127_0036_0243_0243.jpg 1 127 36 243 243
0023_0309_0182_0040_0040.jpg 1 309 182 40 40
0024_0130_0155_0204_0204.jpg 1 130 155 204 204
0025_0143_0032_0238_0238.jpg 1 143 32 238 238
0026_0048_0139_0160_0160.jpg 1 48 139 160 160
0027_0214_0036_0103_0103.jpg 1 214 36 103 103
0028_0037_0086_0243_0243.jpg 1 37 86 243 243
0029_0103_0157_0096_0096.jpg 1 103 157 96 96
0030_0128_0053_0204_0204.jpg 1 128 53 204 204
0031_0072_0143_0047_0047.jpg 1 72 143 47 47
0032_0199_0129_0079_0079.jpg 1 199 129 79 79
0033_0053_0188_0164_0164.jpg 1 53 188 164 164
0034_0065_0144_0203_0203.jpg 1 65 144 203 203
0035_0078_0034_0254_0254.jpg 1 78 34 254 254
0036_0153_0098_0174_0174.jpg 1 153 98 174 174
0037_0035_0091_0247_0247.jpg 1 35 91 247 247
0038_0042_0105_0230_0230.jpg 1 42 105 230 230
0039_0178_0112_0130_0130.jpg 1 178 112 130 130
0040_0188_0212_0109_0109.jpg 1 188 212 109 109
0041_0110_0151_0093_0093.jpg 1 110 151 93 93
0042_0101_0151_0045_0045.jpg 1 101 151 45 45
0043_0130_0040_0064_0064.jpg 1 130 40 64 64
0044_0015_0083_0262_0262.jpg 1 15 83 262 262
0045_0112_0147_0117_0117.jpg 1 112 147 117 117
0046_0225_0062_0116_0116.jpg 1 225 62 116 116
0047_0222_0075_0137_0137.jpg 1 222 75 137 137
0048_0108_0073_0239_0239.jpg 1 108 73 239 239
0049_0067_0102_0249_0249.jpg 1 67 102 249 249
0050_0030_0074_0111_0111.jpg 1 30 74 111 111
0051_0171_0145_0109_0109.jpg 1 171 145 109 109
0052_0090_0041_0272_0272.jpg 1 90 41 272 272
0053_0067_0037_0276_0276.jpg 1 67 37 276 276
0054_0193_0213_0034_0034.jpg 1 193 213 34 34
0055_0043_0105_0275_0275.jpg 1 43 105 275 275
0056_0216_0195_0143_0143.jpg 1 216 195 143 143
0057_0113_0077_0258_0258.jpg 1 113 77 258 258
0058_0171_0037_0189_0189.jpg 1 171 37 189 189
0059_0098_0202_0114_0114.jpg 1 98 202 114 114
0060_0086_0058_0217_0217.jpg 1 86 58 217 217
0061_0046_0121_0245_0245.jpg 1 46 121 245 245
0062_0045_0201_0075_0075.jpg 1 45 201 75 75
0063_0099_0194_0099_0099.jpg 1 99 194 99 99
0064_0048_0314_0041_0041.jpg 1 48 314 41 41
0065_0089_0075_0171_0171.jpg 1 89 75 171 171
0066_0095_0042_0225_0225.jpg 1 95 42 225 225
0067_0097_0070_0191_0191.jpg 1 97 70 191 191
0068_0052_0140_0111_0111.jpg 1 52 140 111 111
0069_0081_0119_0261_0261.jpg 1 81 119 261 261
0070_0243_0066_0049_0049.jpg 1 243 66 49 49
0071_0100_0030_0260_0260.jpg 1 100 30 260 260
0072_0073_0019_0275_0275.jpg 1 73 19 275 275
0073_0050_0053_0087_0087.jpg 1 50 53 87 87
0074_0157_0094_0073_0073.jpg 1 157 94 73 73
0075_0091_0119_0108_0108.jpg 1 91 119 108 108
0076_0069_0112_0156_0156.jpg 1 69 112 156 156
0077_0306_0128_0041_0041.jpg 1 306 128 41 41
0078_0134_0043_0243_0243.jpg 1 134 43 243 243
0079_0036_0098_0266_0266.jpg 1 36 98 266 266
0080_0159_0119_0191_0191.jpg 1 159 119 191 191
0081_0029_0063_0242_0242.jpg 1 29 63 242 242
0082_0147_0189_0122_0122.jpg 1 147 189 122 122
0083_0022_0067_0272_0272.jpg 1 22 67 272 272
0084_0070_0097_0190_0190.jpg 1 70 97 190 190
0085_0167_0036_0065_0065.jpg 1 167 36 65 65
0086_0017_0020_0232_0232.jpg 1 17 20 232 232
0087_0180_0128_0172_0172.jpg 1 180 128 172 172
0088_0138_0271_0063_0063.jpg 1 138 271 63 63
0089_0061_0227_0134_0134.jpg 1 61 227 134 134
0090_0118_0113_0235_0235.jpg 1 118 113 235 235
0091_0256_0165_0036_0036.jpg 1 256 165 36 36
0092_0138_0171_0170_0170.jpg 1 138 171 170 170
0093_0138_0120_0124_0124.jpg 1 138 120 124 124
0094_0029_0064_0249_0249.jpg 1 29 64 249 249
0095_0079_0045_0231_0231.jpg 1 79 45 231 231
0096_0051_0307_0038_0038.jpg 1 51 307 38 38
0097_0175_0122_0111_0111.jpg 1 175 122 111 111
0098_0162_0187_0170_0170.jpg 1 162 187 170 170
0099_0101_0115_0265_0265.jpg 1 101 115 265 265
0100_0251_0189_0111_0111.jpg 1 251 189 111 111
