0001_0259_0169_0053_0053.jpg 1 259 169 53 53
0002_0094_0064_0185_0185.jpg 1 94 64 185 185
0003_0106_0025_0208_0208.jpg 1 106 25 208 208
0004_0076_0066_0188_0188.jpg 1 76 66 188 188
0005_0093_0083_0200_0200.jpg 1 93 83 200 200
0006_0224_0298_0065_0065.jpg 1 224 298 65 65
0007_0044_0095_0256_0256.jpg 1 44 95 256 256
0008_0229_0037_0116_0116.jpg 1 229 37 116 116
0009_0035_0098_0209_0209.jpg 1 35 98 209 209
0010_0131_0037_0150_0150.jpg 1 131 37 150 150
0011_0093_0206_0117_0117.jpg 1 93 206 117 117
0012_0104_0158_0141_0141.jpg 1 104 158 141 141
0013_0134_0043_0228_0228.jpg 1 134 43 228 228
0014_0056_0081_0070_0070.jpg 1 56 81 70 70
0015_0149_0094_0052_0052.jpg 1 149 94 52 52
0016_0042_0119_0200_0200.jpg 1 42 119 200 200
0017_0084_0211_0149_0149.jpg 1 84 211 149 149
0018_0071_0064_0165_0165.jpg 1 71 64 165 165
0019_0195_0203_0169_0169.jpg 1 195 203 169 169
0020_0091_0027_0238_0238.jpg 1 91 27 238 238
0021_0225_0116_0081_0081.jpg 1 225 116 81 81
0022_0210_0088_0118_0118.jpg 1 210 88 118 118
0023_0250_0139_0066_0066.jpg 1 250 139 66 66
0024_0043_0125_0251_0251.jpg 1 43 125 251 251
0025_0133_0057_0115_0115.jpg 1 133 57 115 115
0026_0267_0069_0035_0035.jpg 1 267 69 35 35
0027_0065_0018_0256_0256.jpg 1 65 18 256 256
0028_0074_0042_0133_0133.jpg 1 74 42 133 133
0029_0116_0090_0194_0194.jpg 1 116 90 194 194
0030_0190_0072_0041_0041.jpg 1 190 72 41 41
0031_0061_0014_0268_0268.jpg 1 61 14 268 268
0032_0016_0075_0273_0273.jpg 1 16 75 273 273
0033_0078_0188_0167_0167.jpg 1 78 188 167 167
0034_0204_0144_0089_0089.jpg 1 204 144 89 89
0035_0048_0027_0256_0256.jpg 1 48 27 256 256
0036_0052_0019_0257_0257.jpg 1 52 19 257 257
0037_0042_0071_0228_0228.jpg 1 42 71 228 228
0038_0234_0161_0135_0135.jpg 1 234 161 135 135
0039_0092_0093_0174_0174.jpg 1 92 93 174 174
0040_0079_0159_0196_0196.jpg 1 79 159 196 196
0041_0139_0031_0100_0100.jpg 1 139 31 100 100
0042_0165_0118_0151_0151.jpg 1 165 118 151 151
0043_0207_0052_0132_0132.jpg 1 207 52 132 132
0044_0042_0052_0168_0168.jpg 1 42 52 168 168
0045_0027_0077_0147_0147.jpg 1 27 77 147 147
0046_0079_0015_0263_0263.jpg 1 79 15 263 263
0047_0129_0237_0071_0071.jpg 1 129 237 71 71
0048_0285_0084_0055_0055.jpg 1 285 84 55 55
0049_0041_0101_0199_0199.jpg 1 41 101 199 199
0050_0134_0031_0239_0239.jpg 1 134 31 239 239
0051_0143_0144_0181_0181.jpg 1 143 144 181 181
0052_0124_0198_0090_0090.jpg 1 124 198 90 90
0053_0266_0175_0083_0083.jpg 1 266 175 83 83
0054_0118_0091_0258_0258.jpg 1 118 91 258 258
0055_0122_0030_0244_0244.jpg 1 122 30 244 244
0056_0137_0146_0205_0205.jpg 1 137 146 205 205
0057_0105_0053_0257_0257.jpg 1 105 53 257 257
0058_0174_0032_0161_0161.jpg 1 174 32 161 161
0059_0083_0166_0158_0158.jpg 1 83 166 158 158
0060_0206_0098_0121_0121.jpg 1 206 98 121 121
0061_0271_0259_0052_0052.jpg 1 271 259 52 52
0062_0235_0028_0135_0135.jpg 1 235 28 135 135
0063_0149_0110_0113_0113.jpg 1 149 110 113 113
0064_0258_0146_0076_0076.jpg 1 258 146 76 76
0065_0071_0034_0212_0212.jpg 1 71 34 212 212
0066_0048_0220_0152_0152.jpg 1 48 220 152 152
0067_0047_0093_0255_0255.jpg 1 47 93 255 255
0068_0170_0113_0158_0158.jpg 1 170 113 158 158
0069_0208_0193_0114_0114.jpg 1 208 193 114 114
0070_0214_0229_0126_0126.jpg 1 214 229 126 126
0071_0174_0151_0147_0147.jpg 1 174 151 147 147
0072_0204_0094_0091_0091.jpg 1 204 94 91 91
0073_0077_0092_0269_0269.jpg 1 77 92 269 269
0074_0153_0133_0225_0225.jpg 1 153 133 225 225
0075_0156_0094_0196_0196.jpg 1 156 94 196 196
0076_0185_0150_0179_0179.jpg 1 185 150 179 179
0077_0212_0057_0089_0089.jpg 1 212 57 89 89
0078_0236_0054_0059_0059.jpg 1 236 54 59 59
0079_0051_0055_0221_0221.jpg 1 51 55 221 221
0080_0204_0039_0072_0072.jpg 1 204 39 72 72
0081_0226_0097_0090_0090.jpg 1 226 97 90 90
0082_0020_0029_0215_0215.jpg 1 20 29 215 215
0083_0304_0233_0057_0057.jpg 1 304 233 57 57
0084_0225_0091_0098_0098.jpg 1 225 91 98 98
0085_0059_0123_0197_0197.jpg 1 59 123 197 197
0086_0154_0123_0188_0188.jpg 1 154 123 188 188
0087_0223_0104_0063_0063.jpg 1 223 104 63 63
0088_0215_0200_0146_0146.jpg 1 215 200 146 146
0089_0034_0042_0268_0268.jpg 1 34 42 268 268
0090_0104_0165_0172_0172.jpg 1 104 165 172 172
0091_0128_0036_0249_0249.jpg 1 128 36 249 249
0092_0157_0051_0207_0207.jpg 1 157 51 207 207
0093_0085_0076_0266_0266.jpg 1 85 76 266 266
0094_0120_0171_0116_0116.jpg 1 120 171 116 116
0095_0077_0148_0138_0138.jpg 1 77 148 138 138
0096_0056_0096_0259_0259.jpg 1 56 96 259 259
0097_0037_0275_0072_0072.jpg 1 37 275 72 72
0098_0096_0064_0250_0250.jpg 1 96 64 250 250
0099_0077_0107_0279_0279.jpg 1 77 107 279 279
0100_0205_0082_0163_0163.jpg 1 205 82 163 163
0001_0116_0028_0260_0260.jpg 1 116 28 260 260
0002_0081_0044_0212_0212.jpg 1 81 44 212 212
0003_0020_0171_0200_0200.jpg 1 20 171 200 200
0004_0190_0066_0132_0132.jpg 1 190 66 132 132
0005_0086_0109_0093_0093.jpg 1 86 109 93 93
0006_0227_0070_0141_0141.jpg 1 227 70 141 141
0007_0132_0072_0159_0159.jpg 1 132 72 159 159
0008_0074_0137_0171_0171.jpg 1 74 137 171 171
0009_0162_0064_0057_0057.jpg 1 162 64 57 57
0010_0100_0035_0127_0127.jpg 1 100 35 127 127
0011_0040_0023_0271_0271.jpg 1 40 23 271 271
0012_0098_0091_0275_0275.jpg 1 98 91 275 275
0013_0128_0043_0247_0247.jpg 1 128 43 247 247
0014_0040_0040_0142_0142.jpg 1 40 40 142 142
0015_0198_0246_0095_0095.jpg 1 198 246 95 95
0016_0088_0126_0135_0135.jpg 1 88 126 135 135
0017_0075_0055_0204_0204.jpg 1 75 55 204 204
0018_0063_0019_0253_0253.jpg 1 63 19 253 253
0019_0026_0071_0273_0273.jpg 1 26 71 273 273
0020_0290_0061_0063_0063.jpg 1 290 61 63 63
0021_0157_0118_0187_0187.jpg 1 157 118 187 187
0022_0127_0036_0243_0243.jpg 1 127 36 243 243
0023_0309_0182_0040_0040.jpg 1 309 182 40 40
0024_0130_0155_0204_0204.jpg 1 130 155 204 204
0025_0143_0032_0238_0238.jpg 1 143 32 238 238
0026_0048_0139_0160_0160.jpg 1 48 139 160 160
0027_0214_0036_0103_0103.jpg 1 214 36 103 103
0028_0037_0086_0243_0243.jpg 1 37 86 243 243
0029_0103_0157_0096_0096.jpg 1 103 157 96 96
0030_0128_0053_0204_0204.jpg 1 128 53 204 204
0031_0072_0143_0047_0047.jpg 1 72 143 47 47
0032_0199_0129_0079_0079.jpg 1 199 129 79 79
0033_0053_0188_0164_0164.jpg 1 53 188 164 164
0034_0065_0144_0203_0203.jpg 1 65 144 203 203
0035_0078_0034_0254_0254.jpg 1 78 34 254 254
0036_0153_0098_0174_0174.jpg 1 153 98 174 174
0037_0035_0091_0247_0247.jpg 1 35 91 247 247
0038_0042_0105_0230_0230.jpg 1 42 105 230 230
0039_0178_0112_0130_0130.jpg 1 178 112 130 130
0040_0188_0212_0109_0109.jpg 1 188 212 109 109
0041_0110_0151_0093_0093.jpg 1 110 151 93 93
0042_0101_0151_0045_0045.jpg 1 101 151 45 45
0043_0130_0040_0064_0064.jpg 1 130 40 64 64
0044_0015_0083_0262_0262.jpg 1 15 83 262 262
0045_0112_0147_0117_0117.jpg 1 112 147 117 117
0046_0225_0062_0116_0116.jpg 1 225 62 116 116
0047_0222_0075_0137_0137.jpg 1 222 75 137 137
0048_0108_0073_0239_0239.jpg 1 108 73 239 239
0049_0067_0102_0249_0249.jpg 1 67 102 249 249
0050_0030_0074_0111_0111.jpg 1 30 74 111 111
0051_0171_0145_0109_0109.jpg 1 171 145 109 109
0052_0090_0041_0272_0272.jpg 1 90 41 272 272
0053_0067_0037_0276_0276.jpg 1 67 37 276 276
0054_0193_0213_0034_0034.jpg 1 193 213 34 34
0055_0043_0105_0275_0275.jpg 1 43 105 275 275
0056_0216_0195_0143_0143.jpg 1 216 195 143 143
0057_0113_0077_0258_0258.jpg 1 113 77 258 258
0058_0171_0037_0189_0189.jpg 1 171 37 189 189
0059_0098_0202_0114_0114.jpg 1 98 202 114 114
0060_0086_0058_0217_0217.jpg 1 86 58 217 217
0061_0046_0121_0245_0245.jpg 1 46 121 245 245
0062_0045_0201_0075_0075.jpg 1 45 201 75 75
0063_0099_0194_0099_0099.jpg 1 99 194 99 99
0064_0048_0314_0041_0041.jpg 1 48 314 41 41
0065_0089_0075_0171_0171.jpg 1 89 75 171 171
0066_0095_0042_0225_0225.jpg 1 95 42 225 225
0067_0097_0070_0191_0191.jpg 1 97 70 191 191
0068_0052_0140_0111_0111.jpg 1 52 140 111 111
0069_0081_0119_0261_0261.jpg 1 81 119 261 261
0070_0243_0066_0049_0049.jpg 1 243 66 49 49
0071_0100_0030_0260_0260.jpg 1 100 30 260 260
0072_0073_0019_0275_0275.jpg 1 73 19 275 275
0073_0050_0053_0087_0087.jpg 1 50 53 87 87
0074_0157_0094_0073_0073.jpg 1 157 94 73 73
0075_0091_0119_0108_0108.jpg 1 91 119 108 108
0076_0069_0112_0156_0156.jpg 1 69 112 156 156
0077_0306_0128_0041_0041.jpg 1 306 128 41 41
0078_0134_0043_0243_0243.jpg 1 134 43 243 243
0079_0036_0098_0266_0266.jpg 1 36 98 266 266
0080_0159_0119_0191_0191.jpg 1 159 119 191 191
0081_0029_0063_0242_0242.jpg 1 29 63 242 242
0082_0147_0189_0122_0122.jpg 1 147 189 122 122
0083_0022_0067_0272_0272.jpg 1 22 67 272 272
0084_0070_0097_0190_0190.jpg 1 70 97 190 190
0085_0167_0036_0065_0065.jpg 1 167 36 65 65
0086_0017_0020_0232_0232.jpg 1 17 20 232 232
0087_0180_0128_0172_0172.jpg 1 180 128 172 172
0088_0138_0271_0063_0063.jpg 1 138 271 63 63
0089_0061_0227_0134_0134.jpg 1 61 227 134 134
0090_0118_0113_0235_0235.jpg 1 118 113 235 235
0091_0256_0165_0036_0036.jpg 1 256 165 36 36
0092_0138_0171_0170_0170.jpg 1 138 171 170 170
0093_0138_0120_0124_0124.jpg 1 138 120 124 124
0094_0029_0064_0249_0249.jpg 1 29 64 249 249
0095_0079_0045_0231_0231.jpg 1 79 45 231 231
0096_0051_0307_0038_0038.jpg 1 51 307 38 38
0097_0175_0122_0111_0111.jpg 1 175 122 111 111
0098_0162_0187_0170_0170.jpg 1 162 187 170 170
0099_0101_0115_0265_0265.jpg 1 101 115 265 265
0100_0251_0189_0111_0111.jpg 1 251 189 111 111
0001_0079_0245_0114_0114.jpg 1 79 245 114 114
0002_0074_0106_0225_0225.jpg 1 74 106 225 225
0003_0089_0071_0070_0070.jpg 1 89 71 70 70
0004_0064_0142_0167_0167.jpg 1 64 142 167 167
0005_0207_0114_0039_0039.jpg 1 207 114 39 39
0006_0124_0165_0177_0177.jpg 1 124 165 177 177
0007_0140_0077_0232_0232.jpg 1 140 77 232 232
0008_0180_0110_0185_0185.jpg 1 180 110 185 185
0009_0043_0165_0127_0127.jpg 1 43 165 127 127
0010_0188_0250_0070_0070.jpg 1 188 250 70 70
0011_0140_0065_0222_0222.jpg 1 140 65 222 222
0012_0140_0252_0081_0081.jpg 1 140 252 81 81
0013_0046_0052_0068_0068.jpg 1 46 52 68 68
0014_0071_0202_0090_0090.jpg 1 71 202 90 90
0015_0072_0160_0131_0131.jpg 1 72 160 131 131
0016_0073_0058_0155_0155.jpg 1 73 58 155 155
0017_0240_0167_0081_0081.jpg 1 240 167 81 81
0018_0065_0119_0214_0214.jpg 1 65 119 214 214
0019_0072_0074_0149_0149.jpg 1 72 74 149 149
0020_0052_0072_0235_0235.jpg 1 52 72 235 235
0021_0219_0032_0081_0081.jpg 1 219 32 81 81
0022_0146_0063_0040_0040.jpg 1 146 63 40 40
0023_0113_0073_0083_0083.jpg 1 113 73 83 83
0024_0125_0038_0205_0205.jpg 1 125 38 205 205
0025_0097_0143_0151_0151.jpg 1 97 143 151 151
0026_0089_0155_0162_0162.jpg 1 89 155 162 162
0027_0232_0160_0052_0052.jpg 1 232 160 52 52
0028_0022_0084_0275_0275.jpg 1 22 84 275 275
0029_0151_0135_0222_0222.jpg 1 151 135 222 222
0030_0057_0061_0242_0242.jpg 1 57 61 242 242
0031_0268_0116_0036_0036.jpg 1 268 116 36 36
0032_0044_0193_0159_0159.jpg 1 44 193 159 159
0033_0045_0025_0266_0266.jpg 1 45 25 266 266
0034_0174_0131_0187_0187.jpg 1 174 131 187 187
0035_0140_0034_0236_0236.jpg 1 140 34 236 236
0036_0073_0020_0260_0260.jpg 1 73 20 260 260
0037_0149_0173_0205_0205.jpg 1 149 173 205 205
0038_0089_0036_0270_0270.jpg 1 89 36 270 270
0039_0305_0093_0034_0034.jpg 1 305 93 34 34
0040_0195_0151_0131_0131.jpg 1 195 151 131 131
0041_0077_0258_0032_0032.jpg 1 77 258 32 32
0042_0095_0034_0153_0153.jpg 1 95 34 153 153
0043_0080_0050_0090_0090.jpg 1 80 50 90 90
0044_0076_0128_0249_0249.jpg 1 76 128 249 249
0045_0097_0039_0088_0088.jpg 1 97 39 88 88
0046_0116_0137_0243_0243.jpg 1 116 137 243 243
0047_0089_0137_0170_0170.jpg 1 89 137 170 170
0048_0132_0119_0167_0167.jpg 1 132 119 167 167
0049_0126_0039_0242_0242.jpg 1 126 39 242 242
0050_0133_0144_0235_0235.jpg 1 133 144 235 235
0051_0246_0042_0096_0096.jpg 1 246 42 96 96
0052_0131_0114_0204_0204.jpg 1 131 114 204 204
0053_0165_0129_0209_0209.jpg 1 165 129 209 209
0054_0153_0081_0107_0107.jpg 1 153 81 107 107
0055_0248_0244_0102_0102.jpg 1 248 244 102 102
0056_0184_0174_0072_0072.jpg 1 184 174 72 72
0057_0164_0198_0097_0097.jpg 1 164 198 97 97
0058_0094_0237_0126_0126.jpg 1 94 237 126 126
0059_0120_0125_0183_0183.jpg 1 120 125 183 183
0060_0039_0066_0261_0261.jpg 1 39 66 261 261
0061_0085_0081_0160_0160.jpg 1 85 81 160 160
0062_0103_0086_0041_0041.jpg 1 103 86 41 41
0063_0155_0086_0205_0205.jpg 1 155 86 205 205
0064_0152_0129_0082_0082.jpg 1 152 129 82 82
0065_0148_0060_0147_0147.jpg 1 148 60 147 147
0066_0114_0019_0265_0265.jpg 1 114 19 265 265
0067_0060_0165_0135_0135.jpg 1 60 165 135 135
0068_0092_0043_0224_0224.jpg 1 92 43 224 224
0069_0131_0127_0189_0189.jpg 1 131 127 189 189
0070_0116_0035_0214_0214.jpg 1 116 35 214 214
0071_0096_0178_0157_0157.jpg 1 96 178 157 157
0072_0035_0160_0109_0109.jpg 1 35 160 109 109
0073_0201_0175_0169_0169.jpg 1 201 175 169 169
0074_0102_0146_0135_0135.jpg 1 102 146 135 135
0075_0013_0114_0272_0272.jpg 1 13 114 272 272
0076_0088_0176_0174_0174.jpg 1 88 176 174 174
0077_0207_0173_0162_0162.jpg 1 207 173 162 162
0078_0207_0070_0035_0035.jpg 1 207 70 35 35
0079_0131_0251_0038_0038.jpg 1 131 251 38 38
0080_0064_0123_0095_0095.jpg 1 64 123 95 95
0081_0022_0017_0251_0251.jpg 1 22 17 251 251
0082_0194_0170_0119_0119.jpg 1 194 170 119 119
0083_0140_0063_0240_0240.jpg 1 140 63 240 240
0084_0204_0116_0038_0038.jpg 1 204 116 38 38
0085_0037_0051_0243_0243.jpg 1 37 51 243 243
0086_0138_0163_0159_0159.jpg 1 138 163 159 159
0087_0135_0104_0186_0186.jpg 1 135 104 186 186
0088_0205_0086_0165_0165.jpg 1 205 86 165 165
0089_0075_0057_0050_0050.jpg 1 75 57 50 50
0090_0085_0163_0073_0073.jpg 1 85 163 73 73
0091_0078_0052_0227_0227.jpg 1 78 52 227 227
0092_0227_0159_0108_0108.jpg 1 227 159 108 108
0093_0133_0277_0068_0068.jpg 1 133 277 68 68
0094_0072_0119_0247_0247.jpg 1 72 119 247 247
0095_0154_0169_0206_0206.jpg 1 154 169 206 206
0096_0046_0209_0109_0109.jpg 1 46 209 109 109
0097_0169_0080_0130_0130.jpg 1 169 80 130 130
0098_0119_0122_0208_0208.jpg 1 119 122 208 208
0099_0066_0028_0263_0263.jpg 1 66 28 263 263
0100_0204_0124_0114_0114.jpg 1 204 124 114 114
