0001_0079_0245_0114_0114.jpg 1 79 245 114 114
0002_0074_0106_0225_0225.jpg 1 74 106 225 225
0003_0089_0071_0070_0070.jpg 1 89 71 70 70
0004_0064_0142_0167_0167.jpg 1 64 142 167 167
0005_0207_0114_0039_0039.jpg 1 207 114 39 39
0006_0124_0165_0177_0177.jpg 1 124 165 177 177
0007_0140_0077_0232_0232.jpg 1 140 77 232 232
0008_0180_0110_0185_0185.jpg 1 180 110 185 185
0009_0043_0165_0127_0127.jpg 1 43 165 127 127
0010_0188_0250_0070_0070.jpg 1 188 250 70 70
0011_0140_0065_0222_0222.jpg 1 140 65 222 222
0012_0140_0252_0081_0081.jpg 1 140 252 81 81
0013_0046_0052_0068_0068.jpg 1 46 52 68 68
0014_0071_0202_0090_0090.jpg 1 71 202 90 90
0015_0072_0160_0131_0131.jpg 1 72 160 131 131
0016_0073_0058_0155_0155.jpg 1 73 58 155 155
0017_0240_0167_0081_0081.jpg 1 240 167 81 81
0018_0065_0119_0214_0214.jpg 1 65 119 214 214
0019_0072_0074_0149_0149.jpg 1 72 74 149 149
0020_0052_0072_0235_0235.jpg 1 52 72 235 235
0021_0219_0032_0081_0081.jpg 1 219 32 81 81
0022_0146_0063_0040_0040.jpg 1 146 63 40 40
0023_0113_0073_0083_0083.jpg 1 113 73 83 83
0024_0125_0038_0205_0205.jpg 1 125 38 205 205
0025_0097_0143_0151_0151.jpg 1 97 143 151 151
0026_0089_0155_0162_0162.jpg 1 89 155 162 162
0027_0232_0160_0052_0052.jpg 1 232 160 52 52
0028_0022_0084_0275_0275.jpg 1 22 84 275 275
0029_0151_0135_0222_0222.jpg 1 151 135 222 222
0030_0057_0061_0242_0242.jpg 1 57 61 242 242
0031_0268_0116_0036_0036.jpg 1 268 116 36 36
0032_0044_0193_0159_0159.jpg 1 44 193 159 159
0033_0045_0025_0266_0266.jpg 1 45 25 266 266
0034_0174_0131_0187_0187.jpg 1 174 131 187 187
0035_0140_0034_0236_0236.jpg 1 140 34 236 236
0036_0073_0020_0260_0260.jpg 1 73 20 260 260
0037_0149_0173_0205_0205.jpg 1 149 173 205 205
0038_0089_0036_0270_0270.jpg 1 89 36 270 270
0039_0305_0093_0034_0034.jpg 1 305 93 34 34
0040_0195_0151_0131_0131.jpg 1 195 151 131 131
0041_0077_0258_0032_0032.jpg 1 77 258 32 32
0042_0095_0034_0153_0153.jpg 1 95 34 153 153
0043_0080_0050_0090_0090.jpg 1 80 50 90 90
0044_0076_0128_0249_0249.jpg 1 76 128 249 249
0045_0097_0039_0088_0088.jpg 1 97 39 88 88
0046_0116_0137_0243_0243.jpg 1 116 137 243 243
0047_0089_0137_0170_0170.jpg 1 89 137 170 170
0048_0132_0119_0167_0167.jpg 1 132 119 167 167
0049_0126_0039_0242_0242.jpg 1 126 39 242 242
0050_0133_0144_0235_0235.jpg 1 133 144 235 235
0051_0246_0042_0096_0096.jpg 1 246 42 96 96
0052_0131_0114_0204_0204.jpg 1 131 114 204 204
0053_0165_0129_0209_0209.jpg 1 165 129 209 209
0054_0153_0081_0107_0107.jpg 1 153 81 107 107
0055_0248_0244_0102_0102.jpg 1 248 244 102 102
0056_0184_0174_0072_0072.jpg 1 184 174 72 72
0057_0164_0198_0097_0097.jpg 1 164 198 97 97
0058_0094_0237_0126_0126.jpg 1 94 237 126 126
0059_0120_0125_0183_0183.jpg 1 120 125 183 183
0060_0039_0066_0261_0261.jpg 1 39 66 261 261
0061_0085_0081_0160_0160.jpg 1 85 81 160 160
0062_0103_0086_0041_0041.jpg 1 103 86 41 41
0063_0155_0086_0205_0205.jpg 1 155 86 205 205
0064_0152_0129_0082_0082.jpg 1 152 129 82 82
0065_0148_0060_0147_0147.jpg 1 148 60 147 147
0066_0114_0019_0265_0265.jpg 1 114 19 265 265
0067_0060_0165_0135_0135.jpg 1 60 165 135 135
0068_0092_0043_0224_0224.jpg 1 92 43 224 224
0069_0131_0127_0189_0189.jpg 1 131 127 189 189
0070_0116_0035_0214_0214.jpg 1 116 35 214 214
0071_0096_0178_0157_0157.jpg 1 96 178 157 157
0072_0035_0160_0109_0109.jpg 1 35 160 109 109
0073_0201_0175_0169_0169.jpg 1 201 175 169 169
0074_0102_0146_0135_0135.jpg 1 102 146 135 135
0075_0013_0114_0272_0272.jpg 1 13 114 272 272
0076_0088_0176_0174_0174.jpg 1 88 176 174 174
0077_0207_0173_0162_0162.jpg 1 207 173 162 162
0078_0207_0070_0035_0035.jpg 1 207 70 35 35
0079_0131_0251_0038_0038.jpg 1 131 251 38 38
0080_0064_0123_0095_0095.jpg 1 64 123 95 95
0081_0022_0017_0251_0251.jpg 1 22 17 251 251
0082_0194_0170_0119_0119.jpg 1 194 170 119 119
0083_0140_0063_0240_0240.jpg 1 140 63 240 240
0084_0204_0116_0038_0038.jpg 1 204 116 38 38
0085_0037_0051_0243_0243.jpg 1 37 51 243 243
0086_0138_0163_0159_0159.jpg 1 138 163 159 159
0087_0135_0104_0186_0186.jpg 1 135 104 186 186
0088_0205_0086_0165_0165.jpg 1 205 86 165 165
0089_0075_0057_0050_0050.jpg 1 75 57 50 50
0090_0085_0163_0073_0073.jpg 1 85 163 73 73
0091_0078_0052_0227_0227.jpg 1 78 52 227 227
0092_0227_0159_0108_0108.jpg 1 227 159 108 108
0093_0133_0277_0068_0068.jpg 1 133 277 68 68
0094_0072_0119_0247_0247.jpg 1 72 119 247 247
0095_0154_0169_0206_0206.jpg 1 154 169 206 206
0096_0046_0209_0109_0109.jpg 1 46 209 109 109
0097_0169_0080_0130_0130.jpg 1 169 80 130 130
0098_0119_0122_0208_0208.jpg 1 119 122 208 208
0099_0066_0028_0263_0263.jpg 1 66 28 263 263
0100_0204_0124_0114_0114.jpg 1 204 124 114 114
